$ANSIBLE_VAULT;1.1;AES256
61643530663536633730323538613935393265326631353337383633343635623438653738656265
3964666263616665383330383139616539383831393964640a613666336136373263366362356234
37323231643131633031323635343837366365343937643261323761623934633436616439393938
3338663031316436390a623736633265373733356438326231613062383639646664633035646462
30623265376236663962356166636434343863336636653265303935336533363261663839656366
30356161323566373365653837313862343062613463636230333965663965396532393536333532
30326133363564313762323662353064633865353237633738353664663636316562653966623237
33636433663266623832366264663039323635356165353235666238353934356264363939313833
34363365366564386466663730353531383161376636316133643236616335306563353139333832
34313663343662646137316562333366613337363435613438383637393633633737383934633835
33363334323630656131373130633536666139383665353666386639373866356334363266643838
33373937656236346237303430383666623961383435396361623233393432636366363932333035
66346366663565393339666231633236333836356130666338376435393035383164346230353761
35393761616661343464643035303032326261636631316130666230303662323133636162663565
32633565313764386330653433643430656130376430633965353238623666316661396564326262
39386231366230613266653239363137626663343230393565383538386666366266343634306334
39633961383566653762613338316232353333366633653666393132383634666537336665366239
64633862643933313732623662636661343866363032306130386532346338633935343436353064
62613935373865323833383237306630313137346562363939393131303135396133613939373937
33666263333034626136313663643231343963393038663764303466333931316536366164326465
33376263613339393233366263663731373665633131366634376262316565663462383666623163
38356366363461333635336337346635393539396130386336383766633637343466363538393662
66373933303532663836343865373763356631316433396266326631326165373038656339666565
65356661393264363931383966306366633336373338393038616633646531326339336334386462
32303262656339316332343462323635386565646437373661656434653565616261343930363937
3964303361666132373134306236373331303162396666313638
