$ANSIBLE_VAULT;1.1;AES256
34383535343733306436343735663534643732376131383866343162666263626539646465393633
6164616364303765636538383136353334343737613261310a303336343061333839396137626436
33633031616531396237623633313262666262316166343631376637666566653263623032633231
3961393162653536630a626439626430343063633831373335373132343131663961313931366231
34383330653562613432616537343837626232346262373932616464393138663365316132666437
31336665346136616530363938323061353839313763363264313533303761623930313330663136
61643734383131343238333339336262656263343738633033623961323338353465303436373562
66643838326637393734643262383932396161626261663761313234346562653363353564363066
65356135386133396261633563316133373234346534303561363230376432303564343461353338
32306661306232666365366164313863396638333933656565353837663532326666616130626138
64396134623263396235626238306230393835656262393363373033626665316539393632656335
31376361306663353632306137633834376233643130353535343864626434383463306162376562
62386639343861303562626133663734393763653339353236333730633737383133313532356262
62323934613539623931663936643863663665616537663332663863643230333765616265623662
33363965613333313962316438363861633262326663383739396336383464383834643138613963
31386161373037303937666434366665373037656561316531376636616161333533316462656132
31656163363632633337643562653231623363656438643539646138623931623631313136633837
64376562636134323763333930643466353639313537643464326165366533363939386330376639
66663237313362343636366231333139376536656331323331613364303132336333326230353237
38623834633931646530366334316138656262363434396237323365326330306334333332303431
37316430653163343534313937326164343439636361366134636437666137633735643534663631
64366164633932623539313862336235313161303261383963643639616263373537393562343564
36373465666462313965653931303665373239376638626531363030613265333338336161623434
32393863623532323632633234623136373432336539393061616137353635353130333233653664
61663066373461346462323137363839643130636563656431666637666165383135656330663939
6539393136343132343765396235353731323935336530623035
